nextSpawnAmountRemainder: 0.5784337852379604
monsterSpawnCountsPerTimeOfDay:
  NIGHT: 31.32219949830322
  DUSK: 10.440733166101074
lastNomadTick: 98821
lastDaySpawnUpdate: 17
version: Release 1b
